861
854
908
82
842
926
534
951
526
384
323
257
246
219
833
984
10
883
605
964
519
288
803
136
212
851
794
967
498
618
395
566
929
927
881
328
259
165
699
802
53
550
712
799
156
435
514
301
263
786
516
560
114
42
297
58
378
734
684
636
598
609
858
250
452
305
370
76
610
490
818
346
157
539
774
174
652
740
904
16
798
671
448
836
686
134
121
682
828
986
38
575
287
574
775
433
43
747
164
595
382
752
457
896
877
705
91
535
921
262
925
475
961
902
423
874
223
491
659
631
396
191
950
901
820
289
969
281
44
405
865
224
687
458
978
347
302
394
606
469
669
102
993
941
215
696
720
96
81
837
428
377
128
738
206
125
284
716
39
356
640
196
115
483
160
366
700
806
915
213
647
976
117
619
268
564
129
180
665
119
150
625
501
292
626
211
533
753
99
153
461
51
710
398
282
567
221
923
639
348
358
383
220
187
22
195
342
600
788
624
980
778
932
473
955
667
392
401
493
933
55
285
912
146
251
529
661
122
830
352
677
444
892
98
690
380
425
831
771
344
594
175
776
895
555
957
73
254
464
593
945
93
717
784
764
988
971
331
193
168
538
459
741
726
767
89
585
627
936
278
442
32
34
407
270
510
238
417
126
140
124
577
571
743
255
54
732
592
256
963
72
87
962
171
922
715
427
349
500
421
463
152
791
108
273
871
943
276
772
476
637
113
229
49
834
437
181
75
649
841
431
826
657
169
151
814
697
499
561
135
127
570
737
235
935
116
8
862
275
393
691
544
79
709
939
390
197
487
31
745
50
675
532
406
512
33
402
823
353
308
29
105
518
628
438
409
371
973
232
999
680
614
311
279
19
604
635
267
992
66
617
70
182
303
340
77
45
327
324
676
977
94
735
163
809
74
369
728
317
805
638
203
917
995
188
343
996
645
982
454
584
207
979
64
959
679
374
48
934
795
763
306
236
329
290
907
20
683
482
913
810
208
557
846
333
730
694
620
201
205
470
143
7
227
666
310
497
872
198
843
816
17
580
800
106
210
365
692
583
615
445
319
736
887
829
590
970
856
362
318
88
467
650
478
439
706
607
873
416
581
183
451
819
385
882
440
838
84
850
903
930
436
966
200
707
787
192
149
244
914
779
662
471
144
974
587
511
509
35
919
85
41
155
63
24
563
387
656
202
484
685
294
781
928
453
582
141
579
474
760
891
944
46
495
110
565
688
546
418
12
554
274
479
552
613
291
768
111
412
972
373
413
299
199
508
241
65
885
496
237
718
663
60
283
277
313
870
918
825
601
878
630
389
543
611
884
727
909
634
608
549
948
759
148
100
860
295
761
708
158
960
25
240
648
296
603
388
214
248
889
30
245
536
643
112
880
507
808
397
269
888
965
991
298
15
670
159
154
911
185
460
804
642
399
138
886
668
559
695
664
304
852
553
78
576
345
309
23
789
375
528
755
67
83
867
525
653
782
875
61
468
900
783
424
226
792
723
953
178
450
522
890
812
505
719
321
523
118
517
674
572
357
758
780
633
71
562
21
404
641
411
821
37
147
678
322
139
742
222
591
419
898
90
839
239
599
4
314
132
486
704
835
315
434
408
765
811
386
940
320
542
958
3
524
86
597
167
629
987
569
264
360
14
334
866
430
531
266
981
573
341
729
612
293
910
698
57
80
189
162
556
494
822
773
194
359
379
813
249
502
204
280
28
790
252
217
797
853
754
59
796
363
336
231
756
713
824
216
731
855
521
660
990
381
36
265
815
350
893
844
849
801
578
817
588
92
142
477
338
56
946
481
916
751
655
441
68
286
954
616
161
848
947
420
938
218
339
6
107
480
316
13
739
456
547
176
462
300
931
589
330
9
983
5
766
429
777
489
651
975
485
711
527
415
47
515
530
446
602
449
689
770
568
103
504
243
807
337
673
253
863
897
857
325
422
326
757
586
233
832
123
750
26
145
899
354
513
95
271
307
170
414
520
0
840
956
172
541
937
942
488
492
228
173
769
906
693
621
166
722
179
410
746
537
744
225
702
209
2
1
654
748
952
376
432
672
27
131
391
998
230
632
985
186
762
133
793
234
18
545
725
11
52
372
864
120
845
997
312
177
190
622
714
465
949
868
364
905
703
920
447
62
426
455
548
97
361
681
261
701
859
260
472
869
332
40
403
466
749
69
184
335
109
876
879
924
104
733
506
596
968
258
351
101
646
785
368
367
247
137
443
551
623
658
540
894
503
847
994
242
558
400
130
827
721
989
355
724
644
272
