37
814
216
359
13
938
448
25
250
179
231
986
169
686
510
347
148
23
161
305
892
185
238
487
15
64
293
687
957
872
993
286
453
178
69
313
940
357
508
869
133
87
229
907
306
85
507
449
960
356
619
433
775
207
809
126
332
199
640
226
885
162
265
689
902
637
651
339
205
876
348
369
426
277
812
793
714
95
994
991
407
605
815
299
776
355
669
641
46
470
317
676
917
422
614
797
589
474
997
767
241
438
977
654
846
156
217
315
34
943
782
555
973
483
45
663
385
68
340
569
604
327
260
681
223
409
192
201
297
629
384
97
857
937
129
272
374
321
397
528
530
157
551
405
731
691
18
472
789
210
855
334
749
365
152
768
247
189
83
860
373
796
42
468
858
546
107
811
526
541
509
447
19
382
919
618
28
17
959
923
853
114
57
631
320
915
194
841
245
891
424
59
212
707
599
367
725
349
542
575
870
14
583
996
188
700
1
419
267
888
20
180
990
198
956
244
381
750
477
115
935
544
564
513
971
101
865
822
737
705
344
256
135
153
805
966
781
215
498
0
740
733
590
757
549
213
610
497
536
646
732
985
203
62
639
883
867
197
833
414
30
949
271
591
543
292
32
773
554
289
372
710
406
402
54
550
236
134
73
125
88
836
74
988
343
887
771
283
983
506
862
251
333
364
329
515
745
981
719
873
636
273
82
70
746
388
246
316
411
630
478
408
155
395
623
137
800
98
918
500
443
234
345
6
11
568
441
432
766
423
823
318
647
529
491
219
898
842
845
799
895
516
520
303
863
673
138
358
635
992
975
934
861
690
322
909
666
86
387
232
874
901
112
932
239
410
758
772
418
99
946
401
5
195
751
330
196
290
974
827
944
984
699
175
702
63
770
951
713
41
8
514
561
233
84
177
304
454
452
866
120
580
174
559
259
480
413
455
36
941
579
463
218
110
519
221
312
311
920
566
729
206
995
762
677
412
248
96
626
747
634
947
132
645
893
47
499
366
108
27
176
257
230
166
160
53
243
921
930
430
613
848
22
601
889
795
533
810
679
859
444
302
577
296
545
368
807
864
12
904
922
72
521
240
828
184
222
106
692
594
662
738
649
763
202
9
141
525
29
446
698
552
727
469
471
573
709
878
295
249
425
66
93
871
557
562
253
784
486
834
540
648
706
825
694
420
204
375
903
341
899
958
429
460
802
392
785
319
659
675
191
987
502
708
168
144
953
717
482
945
849
840
778
696
653
35
360
931
363
672
187
850
56
131
362
383
451
792
868
684
972
877
484
511
839
808
742
139
743
830
44
103
912
936
596
258
377
756
683
462
237
3
91
671
852
754
122
633
695
10
227
493
211
611
266
276
790
658
301
26
214
464
582
791
417
371
788
288
158
31
323
200
61
298
621
361
163
628
661
882
720
989
615
576
113
104
92
354
693
457
553
538
650
804
716
496
643
51
886
685
167
954
998
105
65
518
220
584
967
117
394
476
581
209
415
81
603
774
933
979
467
523
537
38
929
235
925
142
832
488
121
393
824
999
818
489
570
55
386
481
748
398
667
435
75
668
617
475
143
911
744
908
656
764
338
587
572
627
151
838
165
680
437
856
534
697
780
291
955
894
284
657
442
835
897
806
906
741
350
884
270
404
280
969
164
970
465
325
586
450
479
760
171
456
517
335
942
783
620
968
592
578
39
965
254
665
837
851
512
336
40
428
52
558
378
910
228
726
854
255
547
769
351
602
416
400
798
531
847
440
461
370
274
571
43
60
279
539
492
600
786
880
678
458
58
642
49
963
759
124
622
149
495
94
752
524
588
308
494
723
380
896
170
90
664
655
722
127
436
826
560
7
501
890
485
147
939
682
952
278
829
183
431
660
598
390
593
703
269
67
585
331
399
674
111
813
324
263
905
625
844
532
881
264
821
33
421
879
503
735
252
914
670
701
100
948
962
172
2
978
565
459
262
182
403
337
391
79
80
281
704
597
616
712
563
831
961
574
119
688
730
346
275
145
186
724
268
612
328
434
294
300
159
753
352
721
801
794
21
76
739
310
445
48
224
261
652
624
715
976
123
765
118
711
567
396
875
379
964
140
225
242
843
734
632
490
285
535
109
816
146
136
389
78
173
181
926
282
718
595
427
326
116
819
439
928
779
736
208
50
128
638
556
130
522
309
376
916
924
644
77
820
982
803
190
755
307
473
609
900
314
16
504
150
761
980
913
608
353
505
607
950
728
787
193
606
154
24
71
287
927
342
548
89
102
777
4
466
817
527
